203.073	429.558
204.623	303.347
206.199	355.500
207.474	327.102
208.822	264.943
210.074	312.171
211.275	371.017
212.898	336.042
214.271	359.418
215.097	387.331
216.648	289.472
218.171	314.365
219.198	353.887
220.224	254.225
221.825	213.044
223.427	272.454
224.902	225.567
226.200	294.965
227.271	386.741
228.345	274.919
229.698	221.197
231.246	301.707
232.272	303.035
233.774	278.421
235.322	305.683
236.398	272.536
237.950	233.014
239.475	297.422
240.522	344.015
241.871	247.488
243.196	173.265
244.446	189.067
245.996	171.209
247.321	218.299
248.371	314.751
249.446	258.203
251.001	211.900
252.524	219.365
253.723	178.898
255.275	215.306
256.647	240.365
257.646	216.042
259.173	217.892
260.524	206.634
261.599	242.018
263.171	250.995
264.546	225.847
265.722	215.537
266.696	153.176
268.098	198.371
269.873	256.052
270.896	192.459
272.197	201.618
273.747	226.156
274.795	203.881
276.148	229.103
277.750	244.782
278.950	227.449
280.224	235.335
281.597	282.277
282.873	264.635
284.445	219.931
285.795	249.686
286.846	257.511
288.297	205.656
289.773	200.290
290.847	224.565
292.246	195.475
293.796	229.502
294.997	282.067
296.073	248.463
297.424	225.896
298.799	217.586
299.948	206.643
301.347	248.982
302.672	309.865
303.771	296.715
305.247	222.913
306.599	196.491
307.726	213.365
309.123	208.578
310.544	240.379
311.773	254.888
312.975	195.953
314.498	160.421
315.920	200.753
317.019	212.530
318.370	207.312
319.723	222.317
320.822	191.577
322.295	148.629
323.772	166.865
324.923	198.822
326.348	156.127
327.724	149.532
328.899	177.437
330.048	158.349
331.447	159.699
332.797	176.118
333.897	149.925
335.321	156.956
336.671	192.603
337.972	171.111
339.550	160.518
340.925	191.757
341.996	168.967
343.323	127.050
344.698	130.050
345.921	136.670
347.574	113.016
348.850	131.922
349.897	159.153
351.222	121.314
352.570	116.139
353.918	130.996
355.221	115.852
356.674	130.937
357.922	146.730
359.145	116.427
360.724	114.793
362.151	131.026
363.200	121.147
364.500	120.088
365.849	126.533
366.973	113.909
368.475	78.688
369.926	82.921
371.200	113.025
372.524	110.127
373.850	122.658
375.174	127.524
376.297	86.413
377.798	86.438
379.273	103.191
380.373	80.396
381.697	78.954
382.973	96.776
384.249	94.956
385.823	91.613
387.173	102.344
388.270	99.367
389.745	78.032
391.195	85.703
392.496	96.208
393.847	74.826
395.174	88.665
396.451	107.615
397.524	86.785
399.048	83.189
400.448	89.013
401.547	86.469
403.170	82.435
404.645	89.467
405.723	99.751
407.073	100.357
408.423	104.378
409.725	100.747
411.222	88.718
412.371	83.715
413.547	85.563
415.020	74.255
416.446	82.878
417.723	100.629
419.048	93.371
420.372	96.774
421.473	100.236
422.823	84.491
424.324	80.918
425.726	84.824
426.999	80.802
428.374	88.993
429.697	111.675
430.798	106.425
432.323	81.296
433.825	88.658
434.927	102.040
436.074	89.041
437.548	89.641
438.949	101.677
440.048	89.370
441.397	93.196
442.698	108.636
443.824	99.182
445.323	99.708
446.748	117.798
447.997	100.154
449.523	85.052
450.874	119.440
451.948	128.631
453.325	101.740
454.675	104.284
455.774	111.776
457.175	103.780
458.674	108.026
459.924	112.019
461.149	96.371
462.522	100.165
463.895	118.397
465.124	105.007
466.374	92.956
467.650	101.999
468.875	100.513
470.373	89.445
471.723	96.076
472.795	102.489
474.147	94.495
475.524	96.040
476.823	100.142
478.196	83.332
479.570	82.361
480.822	96.856
482.048	89.749
483.498	81.420
484.823	86.552
485.925	83.512
487.425	75.681
488.920	81.036
490.020	85.275
491.298	70.368
492.722	65.992
493.995	78.584
495.372	71.167
496.725	74.529
497.824	78.958
499.148	62.491
500.749	55.933
502.023	63.701
503.097	63.143
504.373	55.095
505.773	62.627
507.072	59.913
508.397	53.300
509.945	62.255
511.270	59.699
512.447	47.660
513.697	48.666
514.971	50.155
516.323	42.763
517.750	51.853
518.998	60.654
520.296	52.332
521.821	46.932
523.122	47.128
524.324	43.661
525.649	40.744
527.048	49.841
528.298	51.358
529.622	44.455
530.998	47.902
532.297	48.003
533.646	41.390
534.922	43.870
536.197	42.794
537.497	37.704
538.947	37.793
540.247	41.863
541.546	43.475
542.898	42.338
544.074	42.659
545.449	38.231
546.901	33.647
548.124	33.189
549.350	31.733
550.825	26.166
552.177	23.704
553.276	20.795
554.623	14.827
556.275	12.010
557.649	12.680
558.949	15.224
560.399	21.628
561.773	26.584
563.072	28.692
564.447	30.857
565.771	34.496
566.897	34.818
568.173	31.802
569.623	35.407
570.949	37.655
572.274	33.092
573.573	36.081
574.872	40.955
576.371	36.957
577.697	38.444
578.872	43.691
580.172	37.685
581.598	36.659
582.847	43.483
584.046	40.301
585.398	40.885
586.799	47.916
588.073	44.365
589.398	41.503
590.773	45.330
591.924	42.532
593.373	41.043
594.773	47.245
595.848	47.367
597.171	43.516
598.522	46.223
599.897	48.190
601.221	44.914
602.548	44.989
603.947	46.277
605.197	41.707
606.523	43.227
607.797	49.005
609.074	49.367
610.424	47.306
611.775	48.348
613.025	49.797
614.347	46.007
615.748	47.513
616.923	49.576
618.247	44.009
619.696	42.473
620.946	44.225
622.197	40.112
623.598	42.888
624.874	48.638
626.101	45.775
627.526	40.591
628.851	42.735
630.125	40.536
631.573	35.608
632.847	41.985
634.024	44.381
635.223	36.027
636.573	34.659
637.973	38.936
639.323	35.642
640.700	35.078
641.848	36.083
643.071	34.488
644.549	34.561
645.902	37.467
647.050	33.918
648.423	29.958
649.824	32.147
651.049	29.416
652.398	24.906
653.674	25.686
654.948	25.766
656.298	23.939
657.698	24.782
658.997	24.898
660.249	21.520
661.698	22.405
663.146	23.878
664.424	21.130
665.598	20.717
666.971	22.344
668.398	20.627
669.747	19.782
671.020	21.249
672.170	20.523
673.597	18.498
675.025	18.001
676.224	18.192
677.673	16.838
679.048	17.272
680.222	18.235
681.471	17.090
682.847	17.101
684.124	17.284
685.424	17.325
686.975	18.527
688.326	18.852
689.551	17.628
690.826	15.405
692.100	16.079
693.397	16.984
694.722	15.543
696.022	16.813
697.373	18.010
698.773	14.779
700.123	15.104
701.449	16.991
702.625	14.859
704.022	14.464
705.421	15.438
706.646	15.003
708.120	14.755
709.494	16.547
710.672	15.029
712.074	12.508
713.422	13.795
714.772	13.667
716.121	13.743
717.424	15.019
718.825	13.999
720.077	12.218
721.351	13.501
722.697	12.885
723.897	11.533
725.198	14.675
726.597	14.777
727.921	12.585
729.347	13.979
730.673	14.570
731.997	13.130
733.449	12.336
734.725	13.740
735.872	14.064
737.196	12.084
738.671	12.937
739.998	14.395
741.098	12.627
742.422	13.241
743.924	13.579
745.175	11.249
746.448	11.617
747.722	12.095
748.849	9.851
750.399	7.635
751.947	7.040
753.247	7.626
754.747	10.021
756.049	12.502
757.125	13.351
758.474	13.347
759.824	14.332
761.073	14.667
762.521	13.115
763.900	15.317
765.076	17.482
766.273	14.336
767.724	14.689
769.024	16.974
770.299	14.810
771.672	14.834
772.899	16.596
774.100	14.873
775.473	15.314
776.899	18.691
778.148	16.496
779.496	12.748
780.871	14.676
782.173	16.268
783.549	13.797
784.850	13.925
785.973	15.411
787.249	13.533
788.723	13.812
790.020	15.890
791.320	13.711
792.848	12.539
794.147	15.085
795.223	12.964
796.498	9.960
797.997	12.172
799.323	12.200
800.622	10.198
801.897	12.621
803.198	12.963
804.524	10.516
805.824	11.861
807.098	12.136
808.397	9.233
809.874	9.718
811.150	11.145
812.521	9.636
813.869	9.089
815.149	9.909
816.448	8.805
817.797	8.401
819.073	9.414
820.320	9.176
821.846	8.668
823.150	9.101
824.226	8.904
825.525	8.184
827.023	8.734
828.322	9.321
829.647	8.593
830.971	7.720
832.095	7.532
833.372	7.342
834.823	7.801
836.123	8.712
837.424	8.125
838.723	6.592
840.046	7.192
841.572	6.892
842.848	5.999
844.150	7.740
845.475	7.917
846.773	6.629
848.299	7.179
849.600	7.352
850.900	7.106
852.224	7.313
853.523	7.001
854.974	6.187
856.273	6.509
857.423	7.700
858.725	6.968
860.250	5.827
861.547	6.860
862.848	6.803
864.399	5.623
865.672	7.127
866.747	7.800
868.074	6.881
869.373	6.658
870.672	6.371
871.972	6.553
873.273	7.091
874.772	7.280
876.072	6.891
877.398	7.002
878.697	7.704
879.997	7.580
881.521	7.223
882.796	7.400
884.099	6.989
885.424	7.015
886.726	7.511
888.000	6.810
889.297	6.785
890.596	7.644
891.870	7.797
893.196	7.468
894.523	7.365
895.799	7.568
897.298	7.482
898.596	7.286
899.697	8.125
901.222	7.404
902.520	6.773
903.821	7.556
905.321	7.322
906.597	8.052
907.699	8.584
908.997	7.805
910.472	7.130
911.797	7.149
913.124	7.205
914.451	7.269
915.724	7.176
916.972	7.129
918.471	6.782
919.797	6.831
920.897	7.858
922.196	7.723
923.496	6.994
924.922	7.498
926.046	6.890
927.346	7.126
928.873	7.980
930.096	7.988
931.471	7.161
932.973	6.373
934.072	6.979
935.324	7.183
936.601	7.010
937.824	6.987
939.146	6.545
940.444	5.669
941.946	6.733
943.398	6.650
944.674	6.257
945.974	6.778
947.272	6.225
948.600	5.851
949.900	5.387
951.147	5.224
952.447	5.620
953.798	5.758
955.098	6.479
956.373	5.703
957.898	5.072
959.222	6.038
960.521	5.428
961.822	4.940
962.898	5.365
964.174	4.797
965.673	4.362
966.996	4.786
968.323	5.160
969.824	4.842
971.124	4.518
972.198	4.487
973.674	4.024
975.225	4.037
976.346	4.526
977.396	3.996
978.697	3.884
980.221	4.471
981.524	3.958
982.825	3.593
984.122	3.267
985.397	2.406
986.924	2.022
988.500	2.207
989.824	2.499
991.121	2.772
992.421	2.749
993.496	2.939
995.023	3.075
996.575	3.347
997.649	3.813
998.922	3.246
1000.199	2.961
1001.500	3.318
1003.049	3.354
1004.349	3.454
1005.648	3.436
1006.948	3.074
1008.249	3.145
1009.547	3.529
1010.622	3.374
1011.923	3.285
1013.447	3.393
1014.746	3.583
1016.046	3.595
1017.347	3.361
1018.651	3.049
1020.174	2.775
1021.444	2.928
1022.744	3.357
1024.297	3.568
1025.597	3.592
1026.875	3.287
1028.175	2.754
1029.499	2.959
1030.800	3.000
1031.849	2.964
1033.147	3.418
1034.672	3.320
1035.973	3.152
1037.298	3.355
1038.599	3.302
1039.872	3.179
1041.396	3.114
1042.721	2.893
1043.798	2.913
1045.223	2.684
1046.722	2.253
1047.872	2.321
1048.947	2.473
1050.248	2.857
1051.773	2.960
1053.048	2.575
1054.473	2.208
1056.023	2.406
1057.199	2.710
1058.498	2.818
1059.923	2.999
1060.972	2.880
1062.372	2.643
1063.899	3.062
1064.974	3.421
1066.224	2.714
1067.648	2.625
1068.972	3.035
1070.122	2.876
1071.420	3.029
1072.695	3.144
1073.922	2.671
1075.447	2.497
1076.824	2.897
1077.923	3.089
1079.172	2.899
1080.523	2.924
1081.946	2.540
1083.348	1.907
1084.624	2.446
1085.797	2.883
1086.899	2.303
1088.149	1.822
1089.397	1.758
1090.699	1.533
1091.999	1.013
1093.197	0.632
1094.522	0.363
1096.420	0.149
1098.595	0.150
1100.047	0.318
1101.250	0.551
1102.523	0.790
1103.697	1.122
1104.999	1.137
1106.199	1.151
1107.349	1.269
1108.600	1.106
1109.997	0.935
1111.345	0.810
1112.546	0.703
1114.096	0.808
1115.571	1.101
1116.848	1.341
1118.125	1.431
1119.426	1.613
1120.699	1.856
1121.897	1.653
1123.196	1.611
1124.570	1.835
1125.871	1.805
1127.173	1.932
1128.446	1.933
1129.746	1.457
1131.148	1.474
1132.449	1.817
1133.647	1.875
1134.945	1.740
1136.371	1.569
1137.669	1.390
1139.097	1.429
1140.397	1.557
1141.573	1.383
1142.849	1.193
1144.125	1.271
1145.298	1.353
1146.598	1.167
1148.023	0.999
1149.297	0.863
1150.673	0.654
1152.124	0.520
1153.349	0.517
1154.499	0.480
1155.696	0.397
1157.071	0.355
1158.497	0.272
1159.624	0.150
1160.901	0.084
1162.273	0.042
1163.796	0.024
1165.473	0.148
1166.773	0.281
1167.847	0.411
1169.174	0.607
1170.424	0.797
1171.547	0.728
1172.871	0.726
1174.147	0.971
1175.399	1.038
1176.573	0.897
1177.897	0.965
1179.299	1.083
1180.698	1.175
1181.996	1.157
1183.170	1.087
1184.448	1.065
1185.848	1.054
1187.247	1.219
1188.671	1.165
1189.871	1.071
1191.122	1.134
1192.524	1.144
1193.723	1.132
1195.023	1.403
1196.222	1.371
1197.521	1.201
1199.022	1.237
1200.299	1.359
1201.452	1.302
1202.748	1.009
1203.947	0.813
1205.173	0.518
1206.773	0.388
1208.422	0.535
1209.821	0.712
1211.147	0.824
1212.498	0.992
1213.773	1.152
1214.997	1.423
1216.373	1.659
1217.523	1.816
1218.673	1.743
1220.072	1.414
1221.296	1.377
1222.495	1.263
1223.871	0.970
1225.273	0.902
1226.324	0.680
1227.796	0.469
1229.546	0.576
1230.848	0.732
1232.120	0.924
1233.396	1.228
1234.572	1.219
1236.019	1.213
1237.496	1.676
1238.724	1.575
1240.049	1.411
1241.449	1.576
1242.623	1.633
1243.848	1.593
1245.297	1.733
1246.419	2.088
1247.569	1.963
1248.946	1.900
1250.323	2.077
1251.673	1.853
1253.047	1.881
1254.297	2.382
1255.623	2.036
1256.876	1.565
1258.124	1.766
1259.472	2.000
1260.798	1.768
1262.099	1.697
1263.372	1.791
1264.671	1.704
1265.996	1.635
1267.297	1.697
1268.350	1.583
1269.674	1.473
1271.224	1.640
1272.500	1.461
1273.574	1.292
1275.048	1.336
1276.325	1.390
1277.676	1.130
1279.223	0.944
1280.523	1.050
1281.801	1.130
1283.099	1.149
1284.420	1.138
1285.746	0.919
1287.272	0.772
1288.698	0.901
1289.998	0.934
1291.349	0.931
1292.651	0.971
1293.774	0.815
1295.072	0.805
1296.595	0.896
1297.896	0.966
1299.195	1.073
1300.496	1.057
1301.574	0.981
1302.897	0.944
1304.422	0.988
1305.724	1.042
1307.224	0.884
1308.697	0.825
1309.772	0.992
1310.872	0.977
1312.199	0.966
1313.724	0.939
1314.997	0.853
1316.300	0.957
1317.601	0.990
